2786
13548
32536
4802
6132
8259
7075
821
8810
7819
21255
29447
1099
22516
582
24663
7037
19251
598
28194
5931
6155
32714
22227
19888
6525
30749
27126
16927
10709
29075
28542
19602
2229
12834
2913
18261
21681
26482
30691
26509
25617
9378
2141
8418
2826
19560
27756
24799
22333
30892
26647
24975
30085
5702
20825
15542
2319
28376
10164
12811
9206
3384
30548
18005
5311
3514
20986
8336
23812
24982
25505
26880
11790
12982
30174
17804
7219
6324
190
18013
14055
10666
28235
5848
20632
11146
2612
24713
21188
18049
26278
22107
1584
19546
26479
10742
1074
10071
20438
31614
7390
21036
27676
11704
7202
12386
7625
13357
5036
13038
17431
27502
1404
17466
27605
10183
2588
27237
16641
23344
19558
31165
5874
7492
7110
2854
3131
6666
2043
3398
29389
12106
18359
18559
17734
30786
16235
2609
8304
11631
30836
14045
27116
3003
15140
24463
15956
4166
3259
